200 0
210 0
220 0
230 0
240 0
250 0
260 0
270 0
280 0
290 0
300 0
310 0
320 0
330 0
340 0
350 0
360 0
370 0
380 0
390 0
400 0
410 0
420 0
430 0
440 0
450 0
460 0
470 0
480 0
490 0
500 0
510 0
520 0
530 0
540 0
550 0
560 0
570 0
580 0.3
590 9.6
600 43.5
610 72.3
620 84
630 87.9
640 89.2
650 89.7
660 90
670 90
680 90.2
690 90.3
700 90.3
710 90.3
720 90.3
730 90.3
740 90.3
750 90.3
760 90.3
770 90.3
780 90.3
790 90.2
800 90.2
810 90.2
820 90.3
830 90.3
840 90.3
850 90.4
860 90.3
870 90.3
880 90.4
890 90.4
900 90.4
910 90.5
920 90.5
930 90.5
940 90.5
950 90.6
960 90.6
970 90.6
980 90.6
990 90.7
1000 90.7
1010 90.8
1020 90.8
1030 90.7
1040 90.7
1050 90.8
1060 90.8
1070 90.7
1080 90.8
1090 90.8
1100 90.8
1120 90.8
1140 90.8
1160 90.9
1180 90.9
1200 91
