200 0.0 
210 0.0
220 0.0
230 0.4
240 17.6
250 52.1
260 72.4
270 80.2
280 84.9
290 87.0
300 87.7
310 87.9
320 88.1
330 87.9
340 87.5
350 86.9
360 85.2
370 79.8
380 65.4
390 38.4
400 12.8 
410 3.1
420 0.9
430 0.4
440 0.3
450 0.4
460 0.5
470 0.5
480 0.4
490 0.3
500 0.1
510 0.1
520 0.0
530 0.0
540 0.0
550 0.0
560 0.0
570 0.0
580 0.0
590 0.0
600 0.0
610 0.0
620 0.0
630 0.0
640 0.0
650 0.1
660 1.1
670 5.4
680 15.5
690 30.2
700 42.0
710 48.0
720 49.6
730 47.5
740 43.7
750 39.5
760 35.6
770 32.2
780 29.3
790 27.1
800 25.4
810 24.2
820 23.4
830 22.8
840 22.5
850 22.3
860 22.4
870 22.5
880 22.8
890 23.2
900 23.7
910 24.3
920 25.0
930 25.8
940 26.7
950 27.6
960 28.6
970 29.5
980 30.4
990 31.3
1000 32.1 
1010 32.7
1020 33.2
1030 33.5
1040 33.6
1050 33.4
1060 33.1
1070 32.5
1080 31.7
1090 30.7
1100 29.5
1120 26.8
1140 23.7
1160 20.8
1180 17.9
1200 15.4
